Passenger ID,TravelDistance,TravelTime,Cost,Take Uber,Waiting Time
0,4.0,360.0,6.91,true,121.0
1,5.0,450.0,8.1,true,120.0
2,4.0,360.0,6.91,true,120.0
3,10.0,899.9999999999999,14.05,true,120.0
4,2.0,180.00000000000003,4.529999999999999,true,121.0
5,1.0,90.0,3.34,true,120.0
6,2.0,180.0,4.529999999999999,true,240.0
7,3.0,270.0,5.72,true,120.0
8,2.0,180.0,4.529999999999999,true,120.0
9,3.0,270.0,5.72,true,120.0
10,1.0,90.0,3.34,true,120.0
11,5.0,450.0,8.1,true,120.0
12,1.0,90.0,3.34,true,120.0
13,4.0,360.0,6.91,true,121.0
14,1.0,90.0,3.34,true,120.0
15,3.0,270.0,5.72,true,121.0
16,1.0,90.0,3.34,true,120.0
17,5.0,450.00000000000006,8.1,true,120.0
18,1.0,90.0,3.34,true,120.0
19,5.0,450.00000000000006,8.1,true,240.0
20,1.0,89.99999999999997,3.34,true,121.0
21,1.0,90.0,3.34,true,120.0
22,5.0,450.0,8.1,true,120.0
23,2.0,180.00000000000003,4.529999999999999,true,120.0
24,5.0,450.0,8.1,true,120.0
25,3.0,270.0,5.72,true,121.0
26,4.0,359.99999999999994,6.91,true,120.0
27,2.0,180.0,4.529999999999999,true,120.0
28,1.0,90.0,3.34,true,120.0
29,1.0,89.99999999999997,3.34,true,120.0
30,2.0,179.99999999999997,4.529999999999999,true,120.0
31,2.0,180.0,4.529999999999999,true,121.0
32,5.0,449.99999999999994,8.1,true,121.0
33,1.0,90.0,3.34,true,120.0
34,5.0,450.0,8.1,true,121.0
35,2.0,179.99999999999997,4.529999999999999,true,120.0
36,5.0,450.0,8.1,true,121.0
37,8.0,720.0,11.67,true,120.0
38,1.0,90.0,3.34,true,121.0
39,4.0,360.0,6.91,true,120.0
40,1.0,90.0,3.34,true,121.0
41,1.0,90.0,3.34,true,120.0
42,2.0,180.0,4.529999999999999,true,120.0
43,1.0,89.99999999999997,3.34,true,121.0
44,5.0,450.00000000000006,8.1,true,120.0
45,1.0,90.0,3.34,true,120.0
46,1.0,90.0,3.34,true,121.0
47,11.0,990.0,15.239999999999998,true,120.0
48,8.0,720.0,11.67,true,120.0
49,4.0,359.99999999999994,6.91,true,120.0
50,2.0,180.0,4.529999999999999,true,121.0
51,4.0,360.0,6.91,true,120.0
52,5.0,449.99999999999994,8.1,true,120.0
53,1.0,90.0,3.34,true,121.0
54,4.0,360.0,6.91,true,120.0
55,2.0,180.0,4.529999999999999,true,120.0
56,2.0,179.99999999999997,4.529999999999999,true,120.0
57,4.0,360.0,6.91,true,120.0
58,4.0,360.0,6.91,true,120.0
59,5.0,449.99999999999994,8.1,true,120.0
60,3.0,270.0,5.72,true,121.0
61,2.0,180.0,4.529999999999999,true,121.0
62,4.0,360.0,6.91,true,240.0
63,2.0,180.0,4.529999999999999,true,240.0
64,2.0,180.00000000000003,4.529999999999999,true,120.0
65,2.0,180.0,4.529999999999999,true,121.0
66,3.0,270.00000000000006,5.72,true,120.0
67,6.0,540.0,9.29,true,120.0
68,4.0,360.0,6.91,true,120.0
69,4.0,359.99999999999994,6.91,true,120.0
70,3.0,270.0,5.72,true,121.0
71,4.0,360.0,6.91,true,120.0
72,2.0,180.0,4.529999999999999,true,120.0
73,1.0,90.0,3.34,true,120.0
74,1.0,90.0,3.34,true,121.0
75,4.0,360.0,6.91,true,121.0
76,2.0,180.0,4.529999999999999,true,121.0
77,4.0,360.0,6.91,true,240.0
78,7.0,630.0,10.48,true,240.0
79,1.0,90.0,3.34,true,120.0
80,1.0,90.0,3.34,true,120.0
81,1.0,90.0,3.34,true,240.0
82,4.0,360.0,6.91,true,120.0
83,1.0,90.0,3.34,true,120.0
84,6.0,540.0,9.29,true,240.0
85,4.0,360.0,6.91,true,122.0
86,4.0,360.0,6.91,true,120.0
87,3.0,270.0,5.72,true,121.0
88,2.0,180.0,4.529999999999999,true,120.0
89,2.0,180.0,4.529999999999999,true,120.0
90,2.0,180.0,4.529999999999999,true,120.0
91,1.0,90.0,3.34,true,120.0
92,4.0,360.0,6.91,true,120.0
93,1.0,89.99999999999994,3.34,true,241.0
94,1.0,90.0,3.34,true,120.0
95,4.0,359.99999999999994,6.91,true,120.0
96,1.0,90.0,3.34,true,120.0
97,2.0,180.0,4.529999999999999,true,120.0
98,1.0,90.0,3.34,true,121.0
99,3.0,270.0,5.72,true,121.0
100,3.0,269.99999999999994,5.72,true,120.0
101,3.0,270.0,5.72,true,121.0
102,2.0,180.0,4.529999999999999,true,240.0
103,3.0,270.0,5.72,true,122.0
104,6.0,540.0,9.29,true,240.0
105,2.0,180.0,4.529999999999999,true,121.0
106,6.0,540.0,9.29,true,121.0
107,4.0,360.00000000000006,6.91,true,120.0
108,4.0,360.0,6.91,true,120.0
109,1.0,90.0,3.34,true,121.0
110,3.0,270.0,5.72,true,122.0
111,2.0,180.0,4.529999999999999,true,120.0
112,6.0,540.0,9.29,true,240.0
113,2.0,180.0,4.529999999999999,true,120.0
114,6.0,540.0,9.29,true,121.0
115,1.0,90.0,3.34,true,121.0
116,1.0,90.0,3.34,true,240.0
117,6.0,540.0,9.29,true,120.0
118,2.0,180.0,4.529999999999999,true,121.0
119,1.0,90.0,3.34,true,120.0
120,6.0,540.0,9.29,true,120.0
121,1.0,90.0,3.34,true,121.0
122,2.0,180.00000000000006,4.529999999999999,true,242.0
123,5.0,450.0,8.1,true,120.0
124,2.0,180.0,4.529999999999999,true,120.0
125,5.0,449.99999999999994,8.1,true,120.0
126,3.0,269.99999999999994,5.72,true,121.0
127,1.0,90.0,3.34,true,120.0
128,1.0,90.0,3.34,true,241.0
129,4.0,360.0,6.91,true,121.0
130,5.0,449.99999999999994,8.1,true,121.0
131,3.0,270.0,5.72,true,120.0
132,5.0,449.99999999999994,8.1,true,120.0
133,1.0,90.0,3.34,true,120.0
134,1.0,90.0,3.34,true,120.0
135,3.0,270.0,5.72,true,120.0
136,2.0,180.0,4.529999999999999,true,121.0
137,1.0,90.0,3.34,true,240.0
138,6.0,540.0,9.29,true,120.0
139,5.0,449.99999999999994,8.1,true,241.0
140,2.0,179.99999999999994,4.529999999999999,true,120.0
141,3.0,270.0,5.72,true,240.0
142,5.0,450.0,8.1,true,241.0
143,7.0,630.0,10.48,true,241.0
144,1.0,90.0,3.34,true,121.0
145,6.0,540.0,9.29,true,120.0
146,1.0,90.0,3.34,true,123.0
147,2.0,180.0,4.529999999999999,true,240.0
148,1.0,90.0,3.34,true,242.0
149,2.0,180.0,4.529999999999999,true,120.0
150,1.0,90.0,3.34,true,241.0
151,2.0,179.99999999999994,4.529999999999999,true,120.0
152,3.0,270.0,5.72,true,360.0
153,1.0,89.99999999999994,3.34,true,120.0
154,2.0,180.0,4.529999999999999,true,240.0
155,6.0,540.0,9.29,true,120.0
156,5.0,449.99999999999994,8.1,true,121.0
157,1.0,89.99999999999994,3.34,true,120.0
158,3.0,269.99999999999994,5.72,true,120.0
159,4.0,360.0,6.91,true,120.0
160,1.0,90.0,3.34,true,122.0
161,6.0,540.0,9.29,true,240.0
162,1.0,90.0,3.34,true,240.0
163,2.0,180.0,4.529999999999999,true,241.0
164,5.0,450.0,8.1,true,360.0
165,11.0,989.9999999999999,15.239999999999998,true,120.0
166,8.0,720.0,11.67,true,242.0
167,1.0,89.99999999999994,3.34,true,120.0
168,1.0,90.0,3.34,true,120.0
169,4.0,360.0,6.91,true,360.0
170,4.0,359.99999999999994,6.91,true,120.0
171,5.0,450.0,8.1,true,240.0
172,2.0,180.0,4.529999999999999,true,360.0
173,10.0,900.0,14.05,true,242.0
174,6.0,540.0,9.29,true,124.0
175,3.0,270.0,5.72,true,122.0
176,4.0,360.0,6.91,true,480.0
177,2.0,180.00000000000006,4.529999999999999,true,120.0
178,1.0,90.0,3.34,true,240.0
179,2.0,180.00000000000006,4.529999999999999,true,121.0
180,7.0,630.0,10.48,true,360.0
181,1.0,90.00000000000006,3.34,true,120.0
182,4.0,359.99999999999994,6.91,true,126.0
183,3.0,269.99999999999994,5.72,true,123.0
184,7.0,-1202.9000000000005,10.48,true,840.0
185,2.0,179.99999999999994,4.529999999999999,true,120.0
186,4.0,360.0,6.91,true,242.0
187,4.0,360.00000000000006,6.91,true,120.0
188,3.0,270.0,5.72,true,360.0
189,1.0,90.0,3.34,true,602.0
190,1.0,90.0,3.34,true,840.0
191,4.0,360.0,6.91,true,603.0
192,3.0,270.0,5.72,true,1080.0
193,3.0,270.0,5.72,true,603.0
194,3.0,270.0,5.72,true,243.0
195,4.0,360.0,6.91,true,120.0
196,5.0,450.0000000000001,8.1,true,361.0
197,5.0,450.0,8.1,true,602.0
198,2.0,180.0,4.529999999999999,true,840.0
199,6.0,540.0,9.29,true,362.0
200,5.0,450.0,8.1,true,842.0
201,4.0,360.0,6.91,true,120.0
202,5.0,-1378.6000000000008,8.1,true,961.0
203,1.0,90.0,3.34,true,723.0
204,1.0,90.0,3.34,true,963.0
205,1.0,90.0,3.34,true,242.0
206,3.0,270.0,5.72,true,128.0
207,6.0,540.0,9.29,true,247.0
208,1.0,90.0,3.34,true,246.0
209,1.0,90.0,3.34,true,722.0
210,2.0,180.0,4.529999999999999,true,120.0
211,5.0,450.0,8.1,true,845.0
212,1.0,90.0,3.34,true,720.0
213,3.0,-1634.7000000000012,5.72,true,1200.0
214,4.0,-1522.5000000000011,6.91,true,1081.0
215,2.0,-1648.2000000000012,4.529999999999999,true,1204.0
216,1.0,90.0,3.34,true,364.0
217,4.0,360.0,6.91,true,600.0
218,1.0,90.0,3.34,true,365.0
219,3.0,-1658.5000000000014,5.72,true,1204.0
220,5.0,450.0,8.1,true,725.0
221,3.0,270.0,5.72,true,847.0
222,2.0,180.0,4.529999999999999,true,1082.0
223,2.0,180.0,4.529999999999999,true,244.0
224,1.0,90.0,3.34,true,245.0
225,1.0,90.0,3.34,true,849.0
226,1.0,90.0,3.34,true,721.0
227,7.0,-1191.4000000000015,10.48,true,728.0
228,2.0,180.0,4.529999999999999,true,965.0
229,1.0,90.0,3.34,true,726.0
230,1.0,90.0,3.34,true,606.0
231,5.0,450.0,8.1,true,847.0
232,1.0,90.0,3.34,true,247.0
233,5.0,-1443.3000000000015,8.1,true,964.0
234,2.0,180.0,4.529999999999999,true,965.0
235,1.0,90.0,3.34,true,1080.0
236,1.0,90.0,3.34,true,362.0
237,6.0,540.0,9.29,true,122.0
238,2.0,180.0,4.529999999999999,true,848.0
239,3.0,270.0,5.72,true,721.0
240,2.0,180.0,4.529999999999999,true,1088.0
241,4.0,360.0,6.91,true,607.0
242,1.0,90.0,3.34,true,844.0
243,2.0,180.0,4.529999999999999,true,1089.0
244,3.0,270.0,5.72,true,600.0
245,2.0,180.0,4.529999999999999,true,240.0
246,3.0,270.0,5.72,true,603.0
247,5.0,-1475.800000000002,8.1,true,965.0
248,3.0,270.0,5.72,true,249.0
249,2.0,180.0,4.529999999999999,true,246.0
250,1.0,90.0,3.34,true,364.0
251,6.0,-1721.6000000000022,9.29,true,1202.0
252,1.0,90.0,3.34,true,246.0
253,1.0,-1727.3000000000022,3.34,true,1206.0
254,1.0,-1727.5000000000023,3.34,true,1204.0
255,1.0,90.0,3.34,true,720.0
256,1.0,90.0,3.34,true,602.0
257,1.0,90.0,3.34,true,1086.0
258,1.0,90.0,3.34,true,247.0
259,4.0,360.0,6.91,true,842.0
260,13.0,-1020.5000000000024,17.619999999999997,true,486.0
261,2.0,180.0,4.529999999999999,true,961.0
262,4.0,-1626.0000000000023,6.91,true,1089.0
263,7.0,630.0000000000001,10.48,true,482.0
264,2.0,180.0,4.529999999999999,true,247.0
265,2.0,-1631.7000000000025,4.529999999999999,true,1089.0
266,1.0,90.0,3.34,true,1088.0
267,2.0,180.0,4.529999999999999,true,249.0
268,2.0,180.0,4.529999999999999,true,720.0
269,3.0,-1520.4000000000026,5.72,true,966.0
270,1.0,90.0,3.34,true,360.0
271,1.0,90.0,3.34,true,727.0
272,3.0,270.0,5.72,true,247.0
273,9.0,-1409.9000000000026,12.86,true,849.0
274,1.0,90.0,3.34,true,1089.0
275,1.0,-1767.6000000000026,3.34,true,1204.0
276,1.0,90.0,3.34,true,489.0
277,1.0,90.0,3.34,true,727.0
278,1.0,90.0,3.34,true,841.0
279,6.0,540.0,9.29,true,608.0
280,1.0,90.0,3.34,true,604.0
281,1.0,90.0,3.34,true,366.0
282,1.0,90.0,3.34,true,966.0
283,3.0,270.0,5.72,true,367.0
284,2.0,180.0,4.529999999999999,true,249.0
285,5.0,-1663.0000000000027,8.1,true,1080.0
286,8.0,-1186.9000000000028,11.67,true,600.0
287,1.0,90.0,3.34,true,246.0
288,7.0,-1308.700000000003,10.48,true,720.0
289,2.0,180.0,4.529999999999999,true,607.0
290,6.0,540.0,9.29,true,487.0
291,1.0,90.0,3.34,true,246.0
292,1.0,90.0,3.34,true,844.0
293,5.0,450.0,8.1,true,728.0
294,1.0,90.0,3.34,true,1085.0
295,5.0,0.0,0.0,false,0.0
296,1.0,0.0,0.0,false,0.0
297,2.0,0.0,0.0,false,0.0
298,1.0,90.0,3.34,true,722.0
299,8.0,-1450.7000000000032,11.67,true,840.0
300,7.0,630.0000000000001,10.48,true,243.0
301,4.0,360.0000000000001,6.91,true,247.0
302,3.0,-1707.2000000000032,5.72,true,1089.0
303,2.0,180.0,4.529999999999999,true,482.0
304,2.0,180.0,4.529999999999999,true,364.0
305,3.0,270.0,5.72,true,721.0
306,3.0,270.0,5.72,true,249.0
307,1.0,-1828.5000000000034,3.34,true,1206.0
308,3.0,270.0000000000001,5.72,true,360.0
309,1.0,90.0,3.34,true,846.0
310,9.0,-994.8000000000035,12.86,true,368.0
311,1.0,90.0,3.34,true,604.0
312,2.0,180.0000000000001,4.529999999999999,true,249.0
313,1.0,90.0,3.34,true,125.0
314,1.0,0.0,0.0,false,0.0
315,3.0,-1846.8000000000036,5.72,true,1207.0
316,6.0,540.0000000000001,9.29,true,361.0
317,2.0,-1844.5000000000036,4.529999999999999,true,1204.0
318,4.0,-1610.1000000000035,6.91,true,964.0
319,2.0,180.0,4.529999999999999,true,841.0
320,4.0,-1853.5000000000036,6.91,true,1201.0
321,4.0,360.0000000000001,6.91,true,243.0
322,5.0,450.0,8.1,true,488.0
323,4.0,-1626.700000000004,6.91,true,967.0
324,9.0,-1626.3000000000038,12.86,true,965.0
325,8.0,720.0,11.67,true,368.0
326,2.0,-1869.700000000004,4.529999999999999,true,1206.0
327,7.0,-1511.0000000000039,10.48,true,840.0
328,6.0,540.0,9.29,true,489.0
329,1.0,90.0,3.34,true,963.0
330,3.0,270.0,5.72,true,603.0
331,3.0,-1646.100000000004,5.72,true,968.0
332,1.0,90.0,3.34,true,369.0
333,4.0,0.0,0.0,false,0.0
334,4.0,360.0,6.91,true,604.0
335,4.0,0.0,0.0,false,0.0
336,4.0,0.0,0.0,false,0.0
337,2.0,180.0,4.529999999999999,true,368.0
338,2.0,180.0,4.529999999999999,true,848.0
339,1.0,0.0,0.0,false,0.0
340,6.0,0.0,0.0,false,0.0
341,1.0,0.0,0.0,false,0.0
342,1.0,0.0,0.0,false,0.0
343,6.0,-1675.3000000000043,9.29,true,966.0
344,2.0,180.0,4.529999999999999,true,721.0
345,2.0,180.0,4.529999999999999,true,724.0
346,1.0,-1912.5000000000045,3.34,true,1200.0
347,11.0,-1793.5000000000045,15.239999999999998,true,1080.0
348,3.0,0.0,0.0,false,0.0
349,5.0,0.0,0.0,false,0.0
350,5.0,0.0,0.0,false,0.0
351,1.0,0.0,0.0,false,0.0
352,3.0,0.0,0.0,false,0.0
353,4.0,0.0,0.0,false,0.0
354,3.0,0.0,0.0,false,0.0
355,1.0,0.0,0.0,false,0.0
356,2.0,0.0,0.0,false,0.0
357,5.0,0.0,0.0,false,0.0
358,2.0,-1813.0000000000045,4.529999999999999,true,1085.0
359,1.0,0.0,0.0,false,0.0
360,4.0,360.0,6.91,true,368.0
361,3.0,270.0,5.72,true,606.0
362,4.0,360.0000000000001,6.91,true,244.0
363,2.0,180.0,4.529999999999999,true,847.0
364,4.0,360.0,6.91,true,125.0
365,2.0,0.0,0.0,false,0.0
366,2.0,180.0,4.529999999999999,true,722.0
367,9.0,-1957.8000000000047,12.86,true,1202.0
368,1.0,90.0,3.34,true,604.0
369,3.0,0.0,0.0,false,0.0
370,1.0,0.0,0.0,false,0.0
371,6.0,540.0,9.29,true,124.0
372,6.0,0.0,0.0,false,0.0
373,1.0,0.0,0.0,false,0.0
374,1.0,0.0,0.0,false,0.0
375,1.0,0.0,0.0,false,0.0
376,1.0,-1975.500000000005,3.34,true,1209.0
377,1.0,0.0,0.0,false,0.0
378,4.0,0.0,0.0,false,0.0
379,1.0,0.0,0.0,false,0.0
380,4.0,0.0,0.0,false,0.0
381,5.0,0.0,0.0,false,0.0
382,5.0,0.0,0.0,false,0.0
383,1.0,0.0,0.0,false,0.0
384,3.0,0.0,0.0,false,0.0
385,1.0,0.0,0.0,false,0.0
386,2.0,0.0,0.0,false,0.0
387,9.0,0.0,0.0,false,0.0
388,4.0,0.0,0.0,false,0.0
389,4.0,-1986.2000000000053,6.91,true,1203.0
390,12.0,0.0,0.0,false,0.0
391,5.0,0.0,0.0,false,0.0
392,4.0,0.0,0.0,false,0.0
393,2.0,0.0,0.0,false,0.0
394,5.0,0.0,0.0,false,0.0
395,1.0,90.0,3.34,true,602.0
396,3.0,270.0,5.72,true,249.0
397,3.0,0.0,0.0,false,0.0
398,1.0,-2014.5000000000055,3.34,true,1209.0
399,1.0,0.0,0.0,false,0.0
400,2.0,-2014.0000000000055,4.529999999999999,true,1204.0
401,3.0,270.0,5.72,true,603.0
402,2.0,0.0,0.0,false,0.0
403,2.0,-1895.0000000000055,4.529999999999999,true,1081.0
404,2.0,180.0,4.529999999999999,true,720.0
405,2.0,180.0,4.529999999999999,true,484.0
406,4.0,0.0,0.0,false,0.0
407,2.0,0.0,0.0,false,0.0
408,4.0,0.0,0.0,false,0.0
409,3.0,-1671.1000000000058,5.72,true,847.0
410,7.0,-1675.3000000000056,10.48,true,847.0
411,5.0,0.0,0.0,false,0.0
412,4.0,0.0,0.0,false,0.0
413,2.0,0.0,0.0,false,0.0
414,1.0,0.0,0.0,false,0.0
415,1.0,0.0,0.0,false,0.0
416,3.0,0.0,0.0,false,0.0
417,4.0,0.0,0.0,false,0.0
418,1.0,90.0,3.34,true,366.0
419,6.0,-1815.400000000006,9.29,true,962.0
420,3.0,-2054.500000000006,5.72,true,1200.0
421,3.0,0.0,0.0,false,0.0
422,3.0,270.0,5.72,true,120.0
423,1.0,0.0,0.0,false,0.0
424,7.0,0.0,0.0,false,0.0
425,7.0,-1592.0000000000061,10.48,true,723.0
426,6.0,0.0,0.0,false,0.0
427,2.0,0.0,0.0,false,0.0
428,9.0,0.0,0.0,false,0.0
429,2.0,0.0,0.0,false,0.0
430,2.0,0.0,0.0,false,0.0
431,4.0,0.0,0.0,false,0.0
432,10.0,-1968.9000000000062,14.05,true,1087.0
433,2.0,-1970.6000000000063,4.529999999999999,true,1086.0
434,1.0,90.0,3.34,true,727.0
435,2.0,-1854.5000000000064,4.529999999999999,true,964.0
436,3.0,-1851.4000000000065,5.72,true,960.0
437,1.0,0.0,0.0,false,0.0
438,5.0,0.0,0.0,false,0.0
439,2.0,-1740.0000000000064,4.529999999999999,true,844.0
440,3.0,-1859.4000000000065,5.72,true,962.0
441,1.0,90.0,3.34,true,127.0
442,2.0,-1862.6000000000065,4.529999999999999,true,960.0
443,2.0,180.0,4.529999999999999,true,126.0
444,2.0,0.0,0.0,false,0.0
445,2.0,0.0,0.0,false,0.0
446,1.0,0.0,0.0,false,0.0
447,1.0,90.0,3.34,true,601.0
448,2.0,0.0,0.0,false,0.0
449,1.0,-2004.1000000000067,3.34,true,1086.0
450,3.0,0.0,0.0,false,0.0
451,1.0,-1765.1000000000067,3.34,true,843.0
452,3.0,270.0,5.72,true,485.0
453,3.0,-2011.5000000000068,5.72,true,1082.0
454,3.0,-2138.800000000007,5.72,true,1208.0
455,2.0,180.0,4.529999999999999,true,363.0
456,3.0,0.0,0.0,false,0.0
457,2.0,-1658.800000000007,4.529999999999999,true,721.0
458,1.0,0.0,0.0,false,0.0
459,3.0,270.0,5.72,true,248.0
460,2.0,-1791.9000000000071,4.529999999999999,true,849.0
461,1.0,90.0,3.34,true,249.0
462,1.0,0.0,0.0,false,0.0
463,2.0,-1669.300000000007,4.529999999999999,true,722.0
464,1.0,0.0,0.0,false,0.0
465,4.0,0.0,0.0,false,0.0
466,5.0,0.0,0.0,false,0.0
467,2.0,0.0,0.0,false,0.0
468,2.0,0.0,0.0,false,0.0
469,4.0,360.0,6.91,true,124.0
470,1.0,0.0,0.0,false,0.0
471,1.0,90.0,3.34,true,361.0
472,1.0,0.0,0.0,false,0.0
473,2.0,0.0,0.0,false,0.0
474,4.0,-1451.7000000000075,6.91,true,485.0
475,10.0,-1452.3000000000075,14.05,true,482.0
476,3.0,270.0,5.72,true,484.0
477,3.0,-1814.5000000000077,5.72,true,843.0
478,4.0,0.0,0.0,false,0.0
479,3.0,270.0,5.72,true,121.0
480,5.0,0.0,0.0,false,0.0
481,4.0,360.0,6.91,true,129.0
482,5.0,0.0,0.0,false,0.0
483,2.0,0.0,0.0,false,0.0
484,1.0,0.0,0.0,false,0.0
485,3.0,0.0,0.0,false,0.0
486,2.0,0.0,0.0,false,0.0
487,1.0,0.0,0.0,false,0.0
488,1.0,0.0,0.0,false,0.0
489,2.0,0.0,0.0,false,0.0
490,1.0,0.0,0.0,false,0.0
491,1.0,0.0,0.0,false,0.0
492,2.0,0.0,0.0,false,0.0
493,1.0,0.0,0.0,false,0.0
494,8.0,0.0,0.0,false,0.0
495,1.0,0.0,0.0,false,0.0
496,1.0,0.0,0.0,false,0.0
497,1.0,0.0,0.0,false,0.0
498,3.0,0.0,0.0,false,0.0
499,6.0,-1253.0000000000082,9.29,true,248.0
500,2.0,-2088.600000000008,4.529999999999999,true,1082.0
501,4.0,360.0,6.91,true,122.0
502,1.0,90.0,3.34,true,487.0
503,2.0,180.0,4.529999999999999,true,367.0
504,1.0,-1868.5000000000082,3.34,true,848.0
505,5.0,0.0,0.0,false,0.0
506,4.0,0.0,0.0,false,0.0
507,6.0,0.0,0.0,false,0.0
508,3.0,0.0,0.0,false,0.0
509,1.0,0.0,0.0,false,0.0
510,3.0,0.0,0.0,false,0.0
511,4.0,-1880.1000000000079,6.91,true,849.0
512,1.0,90.0,3.34,true,603.0
513,2.0,0.0,0.0,false,0.0
514,1.0,-2119.6000000000076,3.34,true,1080.0
515,2.0,180.0,4.529999999999999,true,128.0
516,1.0,90.0,3.34,true,601.0
517,2.0,0.0,0.0,false,0.0
518,3.0,0.0,0.0,false,0.0
519,4.0,-2257.200000000007,6.91,true,1206.0
520,2.0,0.0,0.0,false,0.0
521,2.0,-1786.000000000007,4.529999999999999,true,729.0
522,3.0,0.0,0.0,false,0.0
523,7.0,0.0,0.0,false,0.0
524,2.0,0.0,0.0,false,0.0
525,1.0,0.0,0.0,false,0.0
526,5.0,0.0,0.0,false,0.0
527,2.0,0.0,0.0,false,0.0
528,1.0,0.0,0.0,false,0.0
529,3.0,0.0,0.0,false,0.0
530,1.0,0.0,0.0,false,0.0
531,1.0,0.0,0.0,false,0.0
532,1.0,-1802.4000000000065,3.34,true,725.0
533,1.0,-2157.700000000006,3.34,true,1080.0
534,8.0,0.0,0.0,false,0.0
535,1.0,0.0,0.0,false,0.0
536,3.0,0.0,0.0,false,0.0
537,5.0,0.0,0.0,false,0.0
538,4.0,0.0,0.0,false,0.0
539,1.0,0.0,0.0,false,0.0
540,1.0,0.0,0.0,false,0.0
541,4.0,0.0,0.0,false,0.0
542,3.0,0.0,0.0,false,0.0
543,2.0,0.0,0.0,false,0.0
544,1.0,0.0,0.0,false,0.0
545,3.0,0.0,0.0,false,0.0
546,9.0,0.0,0.0,false,0.0
547,2.0,0.0,0.0,false,0.0
548,1.0,0.0,0.0,false,0.0
549,4.0,0.0,0.0,false,0.0
550,3.0,0.0,0.0,false,0.0
551,5.0,0.0,0.0,false,0.0
552,5.0,0.0,0.0,false,0.0
553,4.0,-1590.1000000000045,6.91,true,482.0
554,1.0,0.0,0.0,false,0.0
555,2.0,0.0,0.0,false,0.0
556,1.0,-2090.400000000004,3.34,true,969.0
557,1.0,0.0,0.0,false,0.0
558,8.0,0.0,0.0,false,0.0
559,8.0,0.0,0.0,false,0.0
560,1.0,0.0,0.0,false,0.0
561,4.0,0.0,0.0,false,0.0
562,1.0,0.0,0.0,false,0.0
563,2.0,0.0,0.0,false,0.0
564,1.0,0.0,0.0,false,0.0
565,1.0,0.0,0.0,false,0.0
566,1.0,90.0,3.34,true,368.0
567,3.0,-2341.800000000003,5.72,true,1202.0
568,7.0,0.0,0.0,false,0.0
569,3.0,-2109.600000000003,5.72,true,966.0
570,4.0,0.0,0.0,false,0.0
571,2.0,-2233.2000000000025,4.529999999999999,true,1085.0
572,3.0,-1757.7000000000025,5.72,true,608.0
573,2.0,180.0,4.529999999999999,true,241.0
574,3.0,0.0,0.0,false,0.0
575,1.0,0.0,0.0,false,0.0
576,13.0,0.0,0.0,false,0.0
577,3.0,0.0,0.0,false,0.0
578,1.0,0.0,0.0,false,0.0
579,5.0,0.0,0.0,false,0.0
580,2.0,-2372.500000000002,4.529999999999999,true,1205.0
581,2.0,180.0,4.529999999999999,true,366.0
582,3.0,0.0,0.0,false,0.0
583,5.0,0.0,0.0,false,0.0
584,2.0,0.0,0.0,false,0.0
585,2.0,0.0,0.0,false,0.0
586,3.0,0.0,0.0,false,0.0
587,2.0,0.0,0.0,false,0.0
588,6.0,0.0,0.0,false,0.0
589,3.0,0.0,0.0,false,0.0
590,1.0,90.0,3.34,true,248.0
591,4.0,0.0,0.0,false,0.0
592,1.0,0.0,0.0,false,0.0
593,5.0,0.0,0.0,false,0.0
594,10.0,0.0,0.0,false,0.0
595,2.0,0.0,0.0,false,0.0
596,5.0,0.0,0.0,false,0.0
597,2.0,180.0,4.529999999999999,true,246.0
598,2.0,0.0,0.0,false,0.0
599,2.0,-1819.4,4.529999999999999,true,607.0
600,3.0,-1936.9,5.72,true,724.0
601,1.0,0.0,0.0,false,0.0
602,4.0,-2068.7,6.91,true,846.0
603,3.0,-1825.3999999999996,5.72,true,600.0
604,2.0,-1951.5999999999995,4.529999999999999,true,725.0
605,1.0,-2432.1999999999994,3.34,true,1204.0
606,3.0,-1954.4999999999993,5.72,true,722.0
607,7.0,-2080.7999999999993,10.48,true,846.0
608,1.0,0.0,0.0,false,0.0
609,1.0,-2439.599999999999,3.34,true,1201.0
610,2.0,0.0,0.0,false,0.0
611,1.0,0.0,0.0,false,0.0
612,1.0,0.0,0.0,false,0.0
613,1.0,-2440.7999999999984,3.34,true,1201.0
614,3.0,0.0,0.0,false,0.0
615,3.0,0.0,0.0,false,0.0
616,1.0,-2208.7999999999984,3.34,true,964.0
617,6.0,0.0,0.0,false,0.0
618,7.0,0.0,0.0,false,0.0
619,3.0,0.0,0.0,false,0.0
620,5.0,0.0,0.0,false,0.0
621,1.0,-2216.699999999998,3.34,true,962.0
622,4.0,-2336.2999999999975,6.91,true,1080.0
623,5.0,-2458.7999999999975,8.1,true,1202.0
624,1.0,0.0,0.0,false,0.0
625,4.0,0.0,0.0,false,0.0
626,1.0,0.0,0.0,false,0.0
627,1.0,0.0,0.0,false,0.0
628,1.0,0.0,0.0,false,0.0
629,3.0,0.0,0.0,false,0.0
630,3.0,0.0,0.0,false,0.0
631,1.0,0.0,0.0,false,0.0
632,3.0,0.0,0.0,false,0.0
633,3.0,-1993.8999999999967,5.72,true,725.0
634,3.0,0.0,0.0,false,0.0
635,2.0,0.0,0.0,false,0.0
636,5.0,-1645.8999999999962,8.1,true,369.0
637,4.0,-1999.4999999999961,6.91,true,720.0
638,3.0,0.0,0.0,false,0.0
639,4.0,-1886.499999999996,6.91,true,603.0
640,2.0,-2129.599999999996,4.529999999999999,true,843.0
641,4.0,-2368.9999999999955,6.91,true,1082.0
642,11.0,0.0,0.0,false,0.0
643,1.0,0.0,0.0,false,0.0
644,4.0,-2137.899999999995,6.91,true,847.0
645,2.0,0.0,0.0,false,0.0
646,4.0,0.0,0.0,false,0.0
647,1.0,0.0,0.0,false,0.0
648,1.0,0.0,0.0,false,0.0
649,1.0,0.0,0.0,false,0.0
650,8.0,0.0,0.0,false,0.0
651,4.0,-2507.1999999999944,6.91,true,1203.0
652,2.0,0.0,0.0,false,0.0
653,6.0,0.0,0.0,false,0.0
654,4.0,0.0,0.0,false,0.0
655,1.0,0.0,0.0,false,0.0
656,3.0,0.0,0.0,false,0.0
657,13.0,0.0,0.0,false,0.0
658,1.0,-1918.699999999994,3.34,true,602.0
659,3.0,-2159.699999999994,5.72,true,842.0
660,7.0,0.0,0.0,false,0.0
661,2.0,180.0,4.529999999999999,true,124.0
662,3.0,-2294.8999999999937,5.72,true,967.0
663,2.0,0.0,0.0,false,0.0
664,2.0,-2544.299999999994,4.529999999999999,true,1207.0
665,5.0,0.0,0.0,false,0.0
666,2.0,-1836.2999999999934,4.529999999999999,true,489.0
667,1.0,90.0,3.34,true,242.0
668,2.0,180.0,4.529999999999999,true,124.0
669,1.0,0.0,0.0,false,0.0
670,7.0,0.0,0.0,false,0.0
671,4.0,0.0,0.0,false,0.0
672,2.0,-2203.4999999999927,4.529999999999999,true,849.0
673,2.0,0.0,0.0,false,0.0
674,1.0,0.0,0.0,false,0.0
675,1.0,0.0,0.0,false,0.0
676,18.0,0.0,0.0,false,0.0
677,5.0,0.0,0.0,false,0.0
678,2.0,0.0,0.0,false,0.0
679,5.0,-2086.1999999999916,8.1,true,721.0
680,1.0,0.0,0.0,false,0.0
681,2.0,0.0,0.0,false,0.0
682,2.0,0.0,0.0,false,0.0
683,2.0,0.0,0.0,false,0.0
684,5.0,0.0,0.0,false,0.0
685,1.0,-2097.4999999999914,3.34,true,722.0
686,5.0,-1858.9999999999914,8.1,true,481.0
687,6.0,-1626.6999999999912,9.29,true,247.0
688,1.0,0.0,0.0,false,0.0
689,1.0,0.0,0.0,false,0.0
690,3.0,0.0,0.0,false,0.0
691,2.0,-2111.299999999991,4.529999999999999,true,727.0
692,3.0,0.0,0.0,false,0.0
693,2.0,-2353.8999999999905,4.529999999999999,true,962.0
694,5.0,0.0,0.0,false,0.0
695,4.0,0.0,0.0,false,0.0
696,2.0,0.0,0.0,false,0.0
697,1.0,0.0,0.0,false,0.0
698,1.0,90.0,3.34,true,241.0
699,1.0,0.0,0.0,false,0.0
700,1.0,0.0,0.0,false,0.0
701,5.0,0.0,0.0,false,0.0
702,3.0,-1778.69999999999,5.72,true,367.0
703,1.0,-2623.19999999999,3.34,true,1209.0
704,3.0,-2157.09999999999,5.72,true,728.0
705,1.0,90.0,3.34,true,249.0
706,4.0,0.0,0.0,false,0.0
707,2.0,-1923.5999999999897,4.529999999999999,true,489.0
708,2.0,-2278.7999999999893,4.529999999999999,true,841.0
709,3.0,-2404.8999999999896,5.72,true,966.0
710,1.0,0.0,0.0,false,0.0
711,9.0,0.0,0.0,false,0.0
712,1.0,0.0,0.0,false,0.0
713,8.0,0.0,0.0,false,0.0
714,1.0,0.0,0.0,false,0.0
715,4.0,0.0,0.0,false,0.0
716,7.0,0.0,0.0,false,0.0
717,1.0,0.0,0.0,false,0.0
718,1.0,0.0,0.0,false,0.0
719,5.0,-1930.1999999999887,8.1,true,485.0
720,5.0,0.0,0.0,false,0.0
721,2.0,-2293.7999999999884,4.529999999999999,true,843.0
722,6.0,-1696.3999999999885,9.29,true,243.0
723,1.0,0.0,0.0,false,0.0
724,1.0,90.0,3.34,true,127.0
725,1.0,-1827.5999999999883,3.34,true,366.0
726,2.0,-2064.7999999999884,4.529999999999999,true,602.0
727,1.0,0.0,0.0,false,0.0
728,4.0,0.0,0.0,false,0.0
729,1.0,-2428.199999999988,3.34,true,961.0
730,2.0,0.0,0.0,false,0.0
731,2.0,0.0,0.0,false,0.0
732,1.0,-2555.2999999999874,3.34,true,1081.0
733,11.0,-2324.6999999999875,15.239999999999998,true,848.0
734,1.0,-1960.0999999999874,3.34,true,483.0
735,6.0,0.0,0.0,false,0.0
736,1.0,0.0,0.0,false,0.0
737,4.0,0.0,0.0,false,0.0
738,1.0,0.0,0.0,false,0.0
739,3.0,-1969.399999999987,5.72,true,485.0
740,2.0,0.0,0.0,false,0.0
741,1.0,-2575.0999999999867,3.34,true,1089.0
742,2.0,-1849.7999999999865,4.529999999999999,true,363.0
743,2.0,0.0,0.0,false,0.0
744,3.0,-1851.7999999999863,5.72,true,362.0
745,2.0,-1860.8999999999862,4.529999999999999,true,368.0
746,6.0,-2221.199999999986,9.29,true,728.0
747,1.0,0.0,0.0,false,0.0
748,2.0,0.0,0.0,false,0.0
749,1.0,0.0,0.0,false,0.0
750,1.0,0.0,0.0,false,0.0
751,9.0,-2349.7999999999856,12.86,true,846.0
752,2.0,0.0,0.0,false,0.0
753,4.0,0.0,0.0,false,0.0
754,1.0,0.0,0.0,false,0.0
755,1.0,0.0,0.0,false,0.0
756,3.0,0.0,0.0,false,0.0
757,8.0,0.0,0.0,false,0.0
758,5.0,0.0,0.0,false,0.0
759,1.0,0.0,0.0,false,0.0
760,3.0,0.0,0.0,false,0.0
761,2.0,0.0,0.0,false,0.0
762,1.0,0.0,0.0,false,0.0
763,2.0,0.0,0.0,false,0.0
764,4.0,0.0,0.0,false,0.0
765,1.0,0.0,0.0,false,0.0
766,4.0,0.0,0.0,false,0.0
767,1.0,0.0,0.0,false,0.0
768,2.0,-2015.0999999999838,4.529999999999999,true,488.0
769,3.0,0.0,0.0,false,0.0
770,2.0,0.0,0.0,false,0.0
771,3.0,0.0,0.0,false,0.0
772,7.0,0.0,0.0,false,0.0
773,5.0,0.0,0.0,false,0.0
774,3.0,-1781.5999999999833,5.72,true,246.0
775,1.0,0.0,0.0,false,0.0
776,4.0,0.0,0.0,false,0.0
777,1.0,0.0,0.0,false,0.0
778,1.0,-2020.899999999983,3.34,true,480.0
779,5.0,-1786.799999999983,8.1,true,244.0
780,3.0,0.0,0.0,false,0.0
781,4.0,0.0,0.0,false,0.0
782,2.0,0.0,0.0,false,0.0
783,1.0,-2392.799999999983,3.34,true,844.0
784,3.0,0.0,0.0,false,0.0
785,1.0,0.0,0.0,false,0.0
786,2.0,0.0,0.0,false,0.0
787,2.0,0.0,0.0,false,0.0
788,1.0,0.0,0.0,false,0.0
789,1.0,0.0,0.0,false,0.0
790,5.0,-2044.399999999982,8.1,true,483.0
791,3.0,0.0,0.0,false,0.0
792,1.0,0.0,0.0,false,0.0
793,4.0,-2292.0999999999817,6.91,true,729.0
794,1.0,0.0,0.0,false,0.0
795,4.0,0.0,0.0,false,0.0
796,4.0,0.0,0.0,false,0.0
797,1.0,0.0,0.0,false,0.0
798,1.0,-2661.4999999999814,3.34,true,1086.0
799,23.0,-1936.0999999999813,29.519999999999996,true,360.0
800,2.0,0.0,0.0,false,0.0
801,2.0,0.0,0.0,false,0.0
802,4.0,0.0,0.0,false,0.0
803,1.0,0.0,0.0,false,0.0
804,1.0,0.0,0.0,false,0.0
805,4.0,-2794.8999999999805,6.91,true,1207.0
806,2.0,-2198.7999999999806,4.529999999999999,true,603.0
807,2.0,-2799.2999999999806,4.529999999999999,true,1201.0
808,1.0,0.0,0.0,false,0.0
809,2.0,0.0,0.0,false,0.0
810,3.0,-2687.6999999999803,5.72,true,1084.0
811,4.0,0.0,0.0,false,0.0
812,7.0,0.0,0.0,false,0.0
813,3.0,0.0,0.0,false,0.0
814,1.0,-2691.3999999999796,3.34,true,1081.0
815,3.0,-2218.7999999999797,5.72,true,608.0
816,2.0,-2341.8999999999796,4.529999999999999,true,728.0
817,1.0,-1735.3999999999796,3.34,true,121.0
818,6.0,-1979.6999999999796,9.29,true,363.0
819,3.0,0.0,0.0,false,0.0
820,1.0,0.0,0.0,false,0.0
821,2.0,0.0,0.0,false,0.0
822,2.0,-2583.499999999979,4.529999999999999,true,964.0
823,9.0,0.0,0.0,false,0.0
824,3.0,0.0,0.0,false,0.0
825,2.0,0.0,0.0,false,0.0
826,1.0,0.0,0.0,false,0.0
827,2.0,-2483.199999999978,4.529999999999999,true,849.0
828,1.0,-1759.399999999978,3.34,true,125.0
829,7.0,-2606.5999999999776,10.48,true,968.0
830,3.0,-2118.899999999978,5.72,true,480.0
831,2.0,-2849.199999999978,4.529999999999999,true,1205.0
832,4.0,0.0,0.0,false,0.0
833,1.0,-2013.8999999999776,3.34,true,368.0
834,2.0,0.0,0.0,false,0.0
835,6.0,0.0,0.0,false,0.0
836,1.0,0.0,0.0,false,0.0
837,1.0,0.0,0.0,false,0.0
838,1.0,-2611.299999999977,3.34,true,960.0
839,2.0,-2500.999999999977,4.529999999999999,true,842.0
840,1.0,-2148.2999999999765,3.34,true,488.0
841,1.0,-1908.9999999999766,3.34,true,247.0
842,11.0,0.0,0.0,false,0.0
843,2.0,0.0,0.0,false,0.0
844,1.0,-2513.9999999999764,3.34,true,845.0
845,2.0,0.0,0.0,false,0.0
846,1.0,0.0,0.0,false,0.0
847,1.0,0.0,0.0,false,0.0
848,1.0,0.0,0.0,false,0.0
849,1.0,0.0,0.0,false,0.0
850,1.0,-2041.399999999976,3.34,true,364.0
851,6.0,-2039.699999999976,9.29,true,360.0
852,6.0,-2776.2999999999756,9.29,true,1087.0
853,2.0,-2174.099999999976,4.529999999999999,true,483.0
854,1.0,-2296.599999999976,3.34,true,605.0
855,3.0,0.0,0.0,false,0.0
856,1.0,0.0,0.0,false,0.0
857,4.0,0.0,0.0,false,0.0
858,5.0,-2428.1999999999753,8.1,true,726.0
859,5.0,0.0,0.0,false,0.0
860,8.0,-1831.199999999975,11.67,true,125.0
861,3.0,-2193.599999999975,5.72,true,486.0
862,1.0,-1835.8999999999749,3.34,true,126.0
863,3.0,0.0,0.0,false,0.0
864,3.0,0.0,0.0,false,0.0
865,5.0,0.0,0.0,false,0.0
866,1.0,0.0,0.0,false,0.0
867,4.0,-2320.4999999999745,6.91,true,600.0
868,2.0,-2929.6999999999744,4.529999999999999,true,1208.0
869,5.0,-2571.7999999999743,8.1,true,847.0
870,1.0,-1975.3999999999742,3.34,true,249.0
871,2.0,-1851.299999999974,4.529999999999999,true,121.0
872,5.0,-2454.599999999974,8.1,true,724.0
873,2.0,-1973.2999999999738,4.529999999999999,true,242.0
874,3.0,-2819.099999999974,5.72,true,1087.0
875,1.0,-1853.2999999999736,3.34,true,121.0
876,1.0,-2700.8999999999733,3.34,true,968.0
877,6.0,-1975.8999999999735,9.29,true,241.0
878,6.0,-1864.5999999999733,9.29,true,126.0
879,2.0,-1862.2999999999731,4.529999999999999,true,122.0
880,4.0,-1863.7999999999731,6.91,true,123.0
881,3.0,0.0,0.0,false,0.0
882,1.0,-2712.299999999973,3.34,true,964.0
883,1.0,0.0,0.0,false,0.0
884,1.0,-2596.9999999999727,3.34,true,844.0
885,4.0,0.0,0.0,false,0.0
886,2.0,0.0,0.0,false,0.0
887,1.0,0.0,0.0,false,0.0
888,1.0,0.0,0.0,false,0.0
889,2.0,0.0,0.0,false,0.0
890,3.0,0.0,0.0,false,0.0
891,3.0,0.0,0.0,false,0.0
892,7.0,0.0,0.0,false,0.0
893,2.0,0.0,0.0,false,0.0
894,1.0,-2372.299999999972,3.34,true,602.0
895,2.0,-2498.999999999972,4.529999999999999,true,726.0
896,2.0,-2023.7999999999718,4.529999999999999,true,249.0
897,1.0,-2859.1999999999716,3.34,true,1084.0
898,3.0,-2745.8999999999714,5.72,true,964.0
899,5.0,-2267.3999999999714,8.1,true,485.0
900,3.0,-2505.5999999999713,5.72,true,721.0
901,1.0,0.0,0.0,false,0.0
902,9.0,0.0,0.0,false,0.0
